107
126
142
204
271
395
608
1154
56
68
80
93
139
191
293
607
1248
3726
641
582
227
217
259
319
388
98
109
202
103
71
64
84
70
67
40
38
32
31
31
28
32
24
23
24
21
19
18
16
14
9
8
29
8
5
12
4
2
2
19
13
13
7
23
19
7
2
128
32
74
60
63
61
98
79
148
19
76
37
27
24
22
20
10
8
7
5
2
20
8
4
4
2
1
16
4
1
2
20
8
3
3
3
24
21
5
2
7
3
2
2
6
5
22
19
13
3
2
3
2
2
2
19
14
13
4
53
15
4
3
18
4
3
23
23
6
3
1
3
19
2
1
18
9
1
2
2
12
1
1
1
1
4
28
24
23
23
23
20
16
8
6
5
5
2
1
3
1
26
11
1
5
37
23
21
6
1
11
1
25
5
2
18
1
2
