209
250
313
398
510
712
1134
2029
111
130
163
170
223
142
150
140
181
219
278
367
527
770
1557
3296
9929
209
274
425
290
168
172
160
194
171
75
91
154
120
192
218
287
155
150
84
77
69
69
78
67
63
61
59
58
58
57
54
53
53
71
70
93
62
71
77
53
57
55
83
54
48
48
47
47
42
34
33
51
24
93
38
23
26
46
41
22
21
19
14
10
5
4
21
19
15
11
22
17
13
8
7
4
3
2
51
48
42
32
19
18
16
14
15
6
5
3
2
15
24
15
18
2
2
1
9
14
10
4
18
15
3
4
13
20
16
14
13
13
6
37
29
33
24
24
34
23
9
8
4
4
2
2
2
4
23
21
20
21
24
17
5
4
21
14
8
4
24
21
7
7
2
3
3
18
3
2
20
22
17
13
7
5
3
2
18
2
2
2
2
7
2
2
2
2
1
1
12
3
3
7
2
19
1
11
1
4
4
1
5
1
2
14
1
1
7
