222
264
308
413
544
772
1145
2140
112
122
165
211
264
384
593
1094
2509
7725
1256
1154
473
403
552
577
854
362
318
518
204
142
173
190
142
128
104
81
76
76
72
69
57
55
54
46
45
49
46
35
30
29
26
42
37
23
35
20
15
55
96
71
49
238
66
81
65
80
97
135
295
317
111
68
64
63
53
49
48
47
45
44
44
32
25
25
26
25
24
20
23
37
23
22
18
17
16
12
11
20
19
6
5
16
19
9
4
4
4
2
2
1
14
8
4
23
21
21
20
20
19
11
26
12
10
2
1
31
18
14
8
8
24
7
7
24
4
3
7
3
2
2
1
1
1
1
2
24
18
1
1
28
24
17
17
14
4
3
3
3
3
2
4
3
4
32
32
24
24
18
15
13
13
11
10
9
2
21
2
11
1
19
1
1
19
1
1
25
20
19
14
7
1
4
2
15
1
2
1
15
