203
237
308
402
499
731
1132
2063
111
134
173
219
238
142
139
139
163
201
270
348
502
816
1416
3227
9853
383
356
494
171
201
231
272
263
144
113
67
60
54
53
50
49
45
44
43
59
41
39
257
56
51
80
97
116
133
202
354
105
93
94
82
81
67
49
49
41
36
30
27
25
24
24
24
23
38
34
28
41
28
28
26
25
22
22
21
20
41
29
23
23
22
21
40
50
28
20
20
19
21
23
20
24
30
19
23
24
18
17
16
14
14
11
28
17
8
8
7
6
6
5
2
16
6
57
33
44
51
24
43
42
26
23
25
24
17
8
6
2
20
3
35
19
14
11
9
21
6
18
8
5
4
3
3
3
2
20
18
16
15
9
2
15
2
6
5
2
2
2
2
2
1
18
2
1
2
1
2
2
2
2
4
2
1
1
18
14
18
16
16
12
17
14
2
1
22
1
13
1
8
7
19
9
1
2
17
1
1
2
1
1
3
2
2
2
2
6
