37
39
54
51
63
86
124
233
44
17
19
14
28
13
30
14
19
21
23
31
17
15
16
18
31
40
19
13
9
6
19
12
3
2
32
31
34
35
37
32
26
27
56
26
20
15
12
7
7
5
13
5
4
3
4
32
25
23
21
28
16
24
16
11
7
3
3
44
31
38
31
28
24
22
15
28
14
10
8
4
4
18
6
3
4
4
11
23
19
19
18
16
15
33
26
16
8
7
23
11
5
3
8
7
3
2
27
24
8
7
9
31
20
12
5
14
15
23
14
14
44
21
11
6
6
19
8
3
3
3
3
15
10
6
6
6
3
24
3
3
3
19
9
6
26
5
4
3
4
2
2
4
2
2
2
2
5
3
2
4
3
2
2
2
2
13
1
4
2
2
4
10
2
9
3
2
6
5
21
6
2
2
3
2
1
2
3
1
1
1
3
14
6
2
1
2
11
8
22
8
4
1
13
7
2
3
2
3
3
3
2
2
1
2
4
6
3
3
25
20
15
2
13
22
11
3
3
6
3
3
9
2
1
11
1
1
4
19
1
14
3
4
1
4
2
1
9
1
2
3
