232
254
316
416
554
726
1182
2084
122
138
140
162
195
135
136
146
177
211
248
335
489
805
1525
3230
9444
376
558
395
294
179
189
182
317
390
219
153
119
93
101
186
179
105
121
141
216
360
381
56
46
65
50
54
71
91
115
98
65
64
52
45
47
41
28
21
15
18
14
13
12
45
45
43
43
33
32
26
24
21
21
20
19
16
20
15
15
13
22
11
24
14
16
12
12
5
5
4
4
2
29
20
18
8
4
17
2
15
2
1
19
1
10
1
4
17
6
27
21
4
4
45
24
6
3
24
21
17
6
5
18
4
3
3
2
2
1
32
23
39
37
27
24
22
16
14
13
4
2
1
2
21
9
1
3
2
2
1
19
7
3
1
17
2
40
28
25
22
19
8
6
3
23
1
6
1
4
1
2
6
2
1
7
