34
37
36
47
65
87
135
274
24
22
19
16
16
15
16
16
10
5
4
4
11
14
15
28
23
18
24
26
36
42
46
15
3
5
18
18
10
10
4
2
8
7
7
6
5
10
6
17
4
3
3
2
13
22
17
16
16
33
38
44
49
51
30
26
22
25
28
27
40
27
33
39
29
28
23
24
19
17
32
29
55
34
33
29
27
23
22
21
19
17
14
13
12
11
10
10
19
18
7
7
7
18
14
13
12
21
9
7
7
6
5
4
3
28
3
3
3
4
3
8
6
3
7
2
1
8
4
2
2
1
3
3
3
33
3
8
1
9
8
14
6
6
3
4
2
1
12
3
23
7
3
2
1
23
18
7
6
2
3
1
7
20
15
1
13
1
2
42
22
10
6
5
1
21
1
18
17
9
16
4
1
1
2
5
2
6
1
2
2
1
2
19
4
3
2
3
9
8
7
3
3
2
5
3
3
2
1
1
3
2
2
3
4
10
3
4
18
14
3
18
1
17
2
2
6
4
3
3
11
1
3
1
14
1
2
2
2
1
1
1
6
