203
243
293
384
531
772
1213
2199
104
124
161
198
266
346
629
1111
2502
7665
1287
1240
411
448
499
656
779
299
269
477
302
187
148
176
232
317
88
79
128
97
116
116
188
234
253
46
49
38
33
33
18
123
119
59
53
75
67
63
54
84
105
195
43
32
39
30
26
23
23
22
15
19
22
8
7
13
12
12
8
24
22
20
5
4
4
4
2
33
18
18
16
5
66
42
38
33
28
23
23
23
14
9
8
6
5
4
9
4
3
3
19
3
2
24
20
2
2
21
2
2
20
7
2
2
1
2
2
2
16
2
12
60
40
28
23
21
14
8
2
1
1
2
6
20
6
2
1
3
4
1
2
18
2
2
2
1
2
3
20
17
90
78
77
68
67
39
29
35
10
6
4
50
24
40
17
21
16
15
15
13
12
7
6
2
2
1
6
8
1
2
1
1
1
5
4
