222
251
323
409
525
755
1173
1965
107
136
159
193
270
352
627
1220
2505
7406
1275
1016
506
560
568
659
841
397
265
362
162
173
199
253
286
92
86
59
70
61
77
76
91
58
320
170
112
92
98
130
148
314
69
67
113
100
94
93
85
60
56
52
72
72
49
46
45
56
79
70
43
42
31
50
36
57
27
23
22
21
21
21
20
20
20
19
19
19
18
15
15
15
14
14
14
13
13
12
10
21
15
15
9
7
7
7
6
6
6
5
4
8
6
4
4
3
2
3
2
21
3
2
1
35
33
19
30
36
19
7
6
4
1
1
21
11
6
76
30
26
19
11
10
17
19
22
19
15
7
5
4
2
2
2
5
5
22
2
12
2
1
1
14
20
11
2
18
14
6
9
2
1
15
1
4
4
2
19
8
4
2
15
1
20
1
21
1
13
20
16
14
13
18
13
6
23
5
4
4
3
2
1
23
20
10
10
1
20
