110
137
160
195
253
353
557
1026
59
65
91
111
136
216
292
580
1291
3933
475
430
251
171
211
263
315
161
248
316
113
103
101
173
93
58
55
53
53
36
30
31
50
45
42
82
140
29
25
24
21
21
21
18
14
7
6
6
4
4
3
5
3
77
49
42
41
35
25
30
24
13
11
27
3
19
3
1
18
17
15
1
2
24
24
10
8
6
4
11
2
2
1
2
8
3
2
1
3
61
58
52
45
43
42
39
27
23
21
19
16
14
13
5
20
19
5
4
21
4
4
3
2
66
45
26
24
23
19
16
7
2
2
3
2
3
2
2
6
3
1
1
1
6
22
12
8
6
18
3
2
2
6
1
24
19
1
2
1
2
1
19
1
1
1
16
1
2
3
9
1
1
1
1
13
1
2
2
1
17
1
2
1
12
