104
121
148
192
228
337
540
942
60
74
78
97
101
73
73
72
83
98
127
180
244
416
772
1645
4819
205
134
182
123
90
101
168
93
78
76
45
31
48
39
31
42
28
24
28
25
48
19
13
9
7
6
5
6
5
5
4
4
27
6
3
6
2
2
21
20
2
3
25
123
120
36
58
58
57
70
74
47
43
57
63
39
26
24
24
23
22
22
22
21
19
18
18
16
14
13
13
12
11
11
11
8
6
5
3
25
30
31
30
33
25
38
22
25
15
20
9
6
3
2
2
2
2
2
1
26
20
16
4
3
2
2
2
2
3
1
4
3
3
18
2
2
1
22
11
2
8
16
6
1
15
1
3
3
2
19
22
7
6
5
3
19
18
2
1
4
12
2
16
9
1
3
1
39
18
13
1
6
1
13
1
1
