31
42
42
52
66
105
151
235
14
16
23
24
28
17
14
12
11
21
12
8
5
31
24
17
34
16
26
28
27
21
32
24
25
30
21
43
23
27
30
28
28
26
31
30
31
31
19
20
19
22
25
19
19
18
16
15
14
22
15
47
26
35
33
29
21
20
15
14
10
9
9
36
26
8
13
7
6
26
14
11
6
7
25
22
23
31
25
21
17
11
8
5
5
4
5
5
6
4
20
19
11
8
6
4
3
3
22
3
3
19
14
6
3
2
2
18
14
6
6
5
4
6
3
2
2
33
25
20
12
6
5
8
3
3
3
2
2
2
2
4
2
15
2
5
3
4
4
3
3
2
2
2
2
2
1
3
1
25
6
4
3
4
4
3
6
4
8
3
12
6
5
3
5
3
2
8
2
5
2
9
2
1
1
2
17
6
20
4
3
20
17
12
8
8
3
3
3
3
2
14
3
17
3
11
1
12
6
3
3
2
22
1
21
6
3
3
3
5
3
2
9
1
3
1
1
1
1
2
3
3
1
1
7
1
1
1
2
16
1
7
3
16
1
1
9
1
18
6
18
1
13
