230
252
296
394
497
734
1130
2122
115
134
132
183
251
146
143
137
172
205
269
368
526
822
1428
3320
9853
321
327
402
243
253
267
306
106
93
90
83
79
77
76
69
62
42
38
76
45
41
40
32
40
74
48
85
25
24
24
23
23
44
22
20
17
16
15
29
27
23
22
27
21
20
8
7
7
7
12
38
26
43
25
20
19
18
11
4
3
120
82
95
80
101
112
184
265
468
205
132
84
60
56
42
41
40
37
25
23
21
20
18
18
15
23
14
13
7
15
6
5
5
3
17
15
15
6
6
3
17
19
17
18
17
10
9
5
4
17
7
17
3
6
4
3
4
18
3
3
3
2
2
16
18
3
2
9
21
17
6
4
2
2
15
3
22
21
21
21
19
19
16
10
9
8
7
4
2
2
12
20
2
2
14
1
2
9
1
22
20
46
21
11
3
22
15
10
5
2
8
2
18
13
3
21
19
4
1
1
19
2
17
2
