105
130
152
203
239
358
572
1054
60
71
84
103
141
73
62
75
98
123
151
235
349
677
1568
3871
976
173
148
325
85
113
121
135
80
54
44
44
44
39
27
36
23
22
23
21
23
20
52
20
20
15
22
12
23
10
38
21
21
19
8
11
7
7
10
2
131
51
53
57
54
47
53
70
14
4
22
19
18
10
6
3
3
6
3
3
2
9
12
8
22
6
5
3
2
2
17
2
2
7
1
21
2
25
23
21
29
2
3
3
1
19
3
24
4
4
18
15
2
2
1
5
1
1
83
41
31
24
25
18
23
18
8
7
28
5
18
4
3
2
3
6
1
15
4
3
7
5
19
18
14
1
1
11
2
21
19
40
16
1
1
3
77
43
39
35
18
18
18
17
6
5
18
3
2
1
6
4
4
2
15
16
18
8
1
12
5
2
1
1
4
8
24
14
25
13
