103
123
164
190
250
356
595
1035
53
65
68
79
117
67
64
76
82
110
126
177
251
395
732
1543
4852
173
170
239
150
130
103
125
61
61
55
51
47
42
42
40
37
36
30
29
25
24
24
19
18
23
19
88
70
63
61
51
66
48
60
25
21
25
19
18
17
15
25
13
14
9
51
62
44
38
35
32
31
27
24
22
21
19
19
14
14
25
11
7
7
26
24
20
10
23
19
15
14
7
22
5
4
3
7
3
3
2
18
2
2
20
3
3
2
1
23
10
3
42
21
17
9
6
5
3
3
3
3
3
3
2
2
6
2
2
1
22
20
16
21
15
15
9
22
8
7
5
4
2
1
5
2
1
15
11
1
9
2
2
1
1
2
2
17
2
22
21
18
3
4
1
6
1
18
20
6
10
6
2
2
1
3
1
1
2
3
13
2
1
1
3
1
7
