215
240
294
370
494
703
1154
2069
107
126
170
210
280
136
137
142
157
199
260
355
485
770
1386
3266
9721
344
247
516
139
198
254
248
104
100
94
126
89
88
61
61
60
76
44
34
56
50
34
38
54
33
34
65
57
41
28
27
34
23
23
22
22
21
40
12
11
5
4
262
162
95
85
106
125
162
240
76
86
61
52
48
59
68
80
70
90
73
42
39
38
36
27
24
23
23
19
19
19
18
18
18
13
8
7
7
6
6
5
5
4
4
4
2
10
19
5
3
33
31
28
25
23
19
19
18
42
39
31
27
21
21
20
20
18
18
18
17
16
16
13
7
4
9
3
25
22
21
21
19
17
15
12
10
22
17
9
16
7
6
6
3
15
13
4
13
3
17
10
3
3
3
2
9
2
20
11
2
2
18
2
1
12
1
42
42
31
29
28
40
23
20
32
16
14
11
9
4
3
2
1
19
18
17
17
15
15
8
7
2
16
1
18
17
17
1
4
4
6
2
5
6
1
1
1
13
1
1
1
3
2
12
2
3
2
1
1
10
