34
36
49
44
63
89
113
178
25
18
15
16
13
15
15
13
15
8
14
12
12
10
12
12
18
25
7
7
6
5
4
7
5
7
20
15
13
22
30
19
15
29
20
19
18
17
17
23
21
19
20
22
30
21
21
21
28
25
25
25
24
21
30
42
27
26
26
20
22
22
20
18
16
32
23
15
15
14
26
18
15
18
14
13
12
24
16
19
17
30
21
20
14
12
20
16
12
12
12
9
8
6
7
6
6
6
6
6
5
9
21
8
7
19
5
4
20
6
5
4
5
26
4
7
11
5
4
4
7
4
4
4
4
3
2
2
5
3
1
7
1
17
12
22
15
13
12
11
7
6
75
32
18
4
4
4
5
4
2
2
2
2
19
20
18
11
9
9
7
6
3
3
2
2
1
2
1
2
1
21
2
2
2
19
14
12
10
23
5
2
1
1
1
21
3
3
5
4
3
3
1
1
3
9
21
5
2
4
17
13
6
6
8
2
4
4
14
1
1
22
11
6
18
1
7
7
3
11
2
2
6
2
21
18
21
4
4
6
2
5
3
2
1
1
1
1
6
17
7
1
1
9
