197
257
299
389
505
722
1119
1975
116
133
156
204
252
383
575
981
2404
7563
1500
1000
518
540
505
624
829
287
285
626
204
183
182
116
131
86
82
82
79
97
126
201
257
403
432
76
70
55
41
33
24
17
10
121
58
46
36
31
53
86
100
138
21
9
3
3
137
128
65
70
66
54
48
56
22
40
20
12
2
8
3
111
106
78
53
56
37
60
17
15
51
48
42
42
40
38
29
23
22
21
20
20
20
19
19
16
14
11
9
5
7
14
2
18
2
2
24
4
1
24
22
18
17
16
11
10
2
18
1
40
1
22
89
60
44
36
33
31
25
14
13
6
2
1
2
22
12
2
20
1
1
18
1
16
10
51
37
29
16
5
2
1
23
22
6
2
4
1
6
3
1
1
5
4
