38
30
42
51
72
93
132
184
21
18
18
18
14
15
13
14
13
33
14
14
24
11
10
5
7
10
6
6
5
4
10
8
5
5
4
5
4
3
16
16
25
41
37
22
37
21
20
23
28
23
25
20
21
27
41
33
39
44
32
33
26
27
31
35
41
54
52
42
39
39
42
54
52
49
25
24
14
11
8
8
8
25
31
19
29
27
25
18
7
6
4
6
5
5
4
4
3
3
28
16
14
20
24
22
20
16
23
36
17
21
10
10
9
18
11
8
11
8
7
9
8
9
7
5
4
3
3
4
3
3
2
32
17
14
3
4
2
3
3
3
2
2
5
3
2
2
2
2
2
1
23
9
5
11
4
2
2
1
32
26
7
6
4
3
2
2
8
1
1
2
13
1
2
2
22
4
3
2
9
13
6
5
2
5
2
6
2
2
2
2
2
1
16
1
20
3
21
3
10
3
1
6
1
1
1
4
3
5
2
1
10
2
11
3
2
2
1
15
1
2
1
1
14
4
