33
34
43
57
73
88
138
226
40
36
19
19
17
17
21
29
4
5
11
4
4
4
3
4
8
16
11
10
16
24
26
16
10
10
19
21
19
15
22
14
13
22
6
11
7
7
7
17
6
5
6
12
6
5
5
34
41
32
28
33
31
30
29
31
28
45
45
46
49
45
49
47
39
36
43
39
41
36
24
24
45
30
36
24
31
22
21
18
15
9
6
4
7
4
2
6
6
3
5
9
3
16
3
2
2
2
5
2
1
49
24
21
14
6
3
4
3
2
6
20
5
3
2
11
10
7
3
2
7
2
2
1
6
4
3
2
2
2
2
9
2
11
6
2
2
2
1
2
7
2
6
4
2
2
2
18
1
1
2
1
2
6
3
4
2
1
2
6
5
9
9
1
1
1
1
2
2
22
17
14
11
4
4
19
3
30
17
6
3
20
15
7
3
3
2
2
2
3
6
3
2
2
3
2
2
3
4
2
18
2
4
4
1
18
1
8
6
4
2
1
1
1
1
3
2
1
18
4
24
15
14
2
9
1
19
12
7
1
2
1
21
13
11
4
2
1
2
3
2
2
2
