225
246
310
393
527
734
1195
1995
129
127
159
208
278
378
607
1117
2564
7738
1321
1172
418
398
460
593
738
235
326
531
188
198
183
232
295
104
85
83
73
82
77
71
58
61
85
66
103
121
96
89
62
52
49
58
42
32
35
24
24
20
14
13
24
252
245
118
96
138
124
174
159
46
51
97
130
75
73
68
63
73
44
43
39
38
34
32
23
23
23
28
21
20
43
20
20
19
19
19
18
18
18
18
16
16
16
11
38
32
9
22
7
6
3
4
3
38
37
36
21
19
15
14
22
10
9
6
6
3
3
2
26
22
20
17
17
16
13
7
5
3
2
1
3
6
2
6
3
2
1
9
2
4
1
1
5
11
2
3
8
3
12
1
1
1
8
1
1
11
3
3
2
1
22
15
10
1
12
12
2
1
2
3
2
1
1
9
