41
54
55
15
15
15
19
25
27
14
10
12
21
12
15
11
11
10
13
13
14
22
12
11
11
10
10
13
15
17
12
8
8
7
7
17
12
20
7
8
7
6
7
6
6
6
6
6
5
9
6
6
5
5
6
14
6
5
6
5
5
4
6
7
5
4
4
8
6
4
4
4
4
3
10
8
22
6
5
9
10
7
7
8
4
9
8
8
5
5
5
4
7
4
3
21
11
7
9
6
6
7
10
15
7
5
5
4
8
9
17
9
18
9
11
14
11
11
9
8
7
10
11
10
7
7
6
9
6
11
6
5
12
8
10
9
6
3
9
7
6
3
3
3
2
1
8
4
1
6
15
9
8
7
3
2
13
8
15
10
7
7
7
9
10
6
9
1
14
11
9
14
12
8
7
6
14
10
5
12
4
5
16
11
14
10
5
5
23
12
6
8
4
3
3
3
4
14
12
12
10
9
9
8
7
9
7
6
6
8
4
4
4
3
7
15
19
14
13
10
15
11
