38
49
59
18
17
20
16
17
30
13
16
22
13
12
20
26
13
14
23
14
13
8
12
12
8
7
8
7
9
10
9
16
6
7
12
17
11
8
12
6
6
5
16
8
7
7
7
7
6
6
6
6
6
6
7
9
8
6
6
8
7
6
5
10
9
8
8
8
8
8
8
7
17
9
11
9
8
9
11
9
7
7
7
6
7
6
6
8
7
10
7
6
11
8
9
8
8
8
7
7
11
7
6
6
6
6
7
5
8
8
5
4
3
3
12
8
8
8
7
8
7
6
6
5
5
5
6
8
10
6
5
7
4
4
4
4
4
3
3
4
3
17
4
7
6
4
5
3
6
9
9
7
8
7
15
10
22
7
5
3
3
3
2
2
8
7
10
11
9
7
5
7
15
5
11
19
10
8
6
14
7
7
8
7
8
6
5
4
3
2
5
1
16
15
12
7
13
13
14
12
11
10
9
11
6
6
14
9
6
6
22
12
9
14
11
10
8
8
10
7
6
6
6
6
10
10
