12
7
7
7
7
6
5
5
4
4
4
4
3
2
6
7
6
4
7
4
3
4
3
4
4
4
4
3
3
3
3
3
3
3
2
3
3
4
3
3
3
2
2
2
2
1
3
1
3
3
3
4
8
4
4
4
3
4
4
3
3
3
2
2
3
3
2
3
2
2
1
5
2
2
3
1
5
4
4
3
3
3
3
3
2
2
2
1
2
4
3
2
2
2
4
3
3
3
3
2
2
2
2
2
2
2
1
2
1
1
2
1
2
2
3
2
4
2
3
3
2
3
1
2
3
1
4
4
2
4
4
4
2
2
2
2
2
4
3
3
4
3
1
2
3
1
3
3
3
3
2
1
3
2
2
1
3
5
5
5
2
3
2
1
2
3
1
4
3
3
2
2
1
5
4
5
3
3
2
4
4
3
2
2
2
1
3
3
3
1
2
2
3
3
3
3
2
1
1
3
3
2
4
3
3
3
2
2
2
2
2
2
1
2
2
3
2
2
3
2
2
4
3
4
3
2
2
1
3
3
3
4
6
5
4
7
5
4
10
12
7
5
4
5
5
4
4
3
4
2
2
1
3
2
1
2
3
2
5
3
3
2
3
2
2
4
1
5
2
1
3
3
4
3
1
12
2
2
3
1
2
2
3
2
2
2
2
2
3
2
4
4
2
7
3
1
5
3
2
5
2
1
1
2
3
2
1
4
3
1
3
1
2
3
3
8
3
4
5
6
5
3
4
5
6
8
9
16
9
4
5
5
4
3
2
2
1
4
3
5
3
1
2
9
7
5
6
2
3
6
2
2
2
1
2
1
13
6
2
3
2
1
7
9
2
2
3
1
5
5
1
11
6
4
4
3
3
3
3
3
3
4
4
10
7
5
1
1
2
1
3
1
2
3
2
1
5
2
3
2
1
1
2
1
2
4
3
8
2
13
10
6
4
3
3
6
3
3
4
3
7
4
3
3
3
3
3
2
2
4
4
3
1
4
1
5
1
2
5
4
4
3
2
3
4
6
4
3
2
5
5
6
5
3
3
3
2
1
6
5
4
3
3
3
6
2
8
9
9
6
5
4
3
2
10
8
6
5
4
2
1
1
9
4
2
3
5
8
2
3
3
5
4
3
3
1
3
7
1
6
3
3
3
2
3
3
4
2
5
3
3
3
3
6
3
4
3
2
3
2
3
1
6
2
2
1
16
3
10
3
2
3
4
3
3
4
1
7
9
2
3
1
3
4
3
3
2
3
4
2
3
1
3
3
2
7
3
2
1
1
2
2
3
2
2
1
1
1
2
3
2
2
2
3
3
3
2
2
2
2
1
3
1
3
2
1
1
4
3
3
2
2
7
1
2
1
1
4
1
3
2
2
2
1
4
3
4
3
1
4
3
1
2
1
2
2
2
2
1
2
2
1
2
1
1
3
12
4
3
2
4
4
5
4
3
4
