43
52
71
19
16
22
26
12
15
11
15
14
20
29
11
10
11
16
15
24
21
11
11
12
9
8
12
12
25
20
14
6
5
5
10
13
16
4
11
14
10
15
10
9
9
11
19
10
22
12
11
11
7
8
10
14
20
43
20
12
12
9
12
11
15
18
16
20
40
99
53
10
8
5
24
11
21
14
21
7
5
5
5
4
4
2
23
20
24
33
21
19
27
25
27
30
66
45
37
42
93
49
71
86
28
11
10
23
31
42
11
60
11
58
36
34
33
22
24
25
34
26
21
19
19
16
16
20
13
10
9
8
25
8
8
8
26
11
7
5
62
66
51
19
4
2
17
5
16
14
27
69
23
12
18
20
17
14
13
26
21
17
16
6
11
8
11
43
21
17
25
17
6
25
23
24
3
5
20
24
20
11
5
3
2
22
2
5
4
3
29
21
2
24
1
6
4
1
8
1
16
12
1
23
21
3
2
10
1
1
13
20
2
1
1
1
16
1
2
2
1
1
2
15
