80
100
153
28
32
46
49
27
32
45
57
21
24
37
54
20
20
22
32
48
63
19
22
28
19
15
19
20
24
23
17
18
17
16
24
34
56
91
33
30
20
16
19
14
10
26
17
20
26
40
59
17
11
25
23
16
17
22
28
17
9
18
33
28
39
45
70
120
307
19
17
17
23
20
26
21
21
11
33
9
11
17
21
36
24
33
41
64
80
118
15
50
19
27
61
82
103
77
20
85
85
97
87
65
58
41
34
31
39
47
102
41
47
40
41
40
41
56
63
54
41
37
37
32
28
28
27
26
24
28
24
19
18
18
40
14
11
10
5
21
20
26
23
16
14
13
12
9
5
8
20
8
3
91
49
46
34
27
22
18
20
18
18
14
13
14
10
13
10
8
8
19
3
3
1
88
45
35
35
28
28
60
52
48
47
46
30
51
37
43
36
30
28
39
49
29
24
24
20
20
11
33
32
16
17
25
19
23
19
19
14
15
13
27
17
21
14
10
22
17
7
4
3
69
31
23
21
19
16
14
6
5
5
46
17
6
6
3
1
3
2
19
15
12
7
1
22
21
4
1
32
21
13
11
5
6
18
17
6
2
14
6
2
4
3
3
1
2
14
3
24
22
19
16
10
6
10
5
15
8
16
2
15
3
19
7
13
2
14
13
9
7
1
2
2
3
22
21
1
20
10
2
16
12
2
12
1
10
