40
58
74
15
19
24
26
12
11
14
13
26
11
10
10
14
10
16
10
12
10
13
10
10
16
19
23
9
21
11
8
17
14
14
18
9
8
7
10
9
8
11
11
8
8
8
9
7
6
6
11
10
13
12
11
9
7
6
6
6
6
5
6
5
4
6
8
8
7
6
9
15
6
7
7
6
9
9
10
6
6
9
8
9
9
9
8
7
8
7
7
6
11
8
7
8
6
6
6
5
5
6
5
10
8
8
7
11
8
7
8
9
8
11
7
7
8
7
6
6
6
6
6
6
6
8
7
6
7
6
6
7
10
6
5
11
6
5
13
7
9
6
6
6
6
5
5
14
7
8
5
14
5
5
8
8
6
12
9
13
10
8
11
12
8
8
11
8
17
7
25
10
11
7
7
6
6
6
5
12
6
5
5
5
4
14
11
12
10
11
23
9
10
9
11
8
7
7
16
8
7
17
11
10
7
19
11
10
9
10
13
11
12
14
11
8
8
8
7
13
12
10
10
7
12
6
6
14
7
5
5
6
7
7
11
10
10
11
6
6
5
5
4
6
13
4
4
4
6
3
3
3
13
11
8
7
6
6
9
7
6
12
9
13
12
14
10
10
12
8
12
10
7
13
13
13
13
8
6
5
5
5
5
5
4
4
4
3
3
3
3
1
2
21
18
12
6
6
5
4
3
5
5
4
2
1
14
1
15
14
13
11
12
5
1
7
12
7
5
5
4
9
3
2
2
16
2
8
15
4
20
11
11
5
5
3
3
3
4
1
16
3
3
1
11
8
10
6
6
5
4
1
2
12
3
2
9
1
5
11
7
14
9
5
16
3
9
5
3
3
2
1
5
11
4
7
26
23
6
4
4
7
3
23
23
17
4
4
19
2
3
17
3
4
14
2
15
15
5
4
6
12
7
13
7
1
1
6
1
5
5
3
1
16
8
1
9
8
5
4
18
18
11
10
14
8
9
7
2
14
1
9
17
10
8
17
22
10
3
2
13
2
13
13
12
12
2
14
2
9
1
11
8
4
9
1
9
6
11
2
21
