39
50
69
14
14
14
20
20
28
17
17
17
21
15
13
13
17
11
14
12
11
11
15
19
20
10
10
10
9
15
14
13
11
9
9
8
8
8
7
7
7
7
6
6
5
5
9
7
7
7
13
15
5
5
6
5
4
4
3
2
8
3
3
5
12
6
4
2
7
1
5
3
9
9
13
18
16
19
25
8
19
8
6
13
5
5
26
10
8
6
4
3
2
34
19
17
11
10
7
5
4
4
8
7
7
5
16
13
9
7
7
6
9
18
6
12
6
6
6
9
6
6
4
8
27
20
9
7
7
4
21
17
5
9
9
6
4
24
13
5
3
2
1
28
25
20
20
14
21
14
11
9
9
8
7
6
5
9
7
6
5
5
4
18
4
3
2
2
19
22
12
10
14
8
9
8
4
4
4
4
4
4
5
3
31
24
9
3
7
10
6
4
2
13
10
7
5
3
24
16
9
20
16
13
4
3
4
3
2
5
3
13
10
8
11
8
7
26
15
7
7
5
12
14
4
4
2
2
10
1
15
14
10
5
1
3
2
8
14
12
12
6
6
3
3
2
4
2
2
4
3
17
5
7
21
11
8
12
7
18
7
7
6
6
5
4
3
3
3
2
6
5
5
6
11
5
7
6
8
8
19
7
21
16
4
7
7
12
5
4
3
13
3
4
1
17
7
6
4
4
2
3
11
5
6
8
18
7
5
5
4
4
4
4
7
4
6
4
2
20
27
13
4
1
8
6
2
22
20
16
6
5
12
4
3
11
10
9
6
6
15
6
5
4
10
3
2
13
12
9
7
5
4
3
2
5
2
4
8
2
23
16
13
12
25
9
16
9
4
18
4
8
18
3
2
6
1
2
8
6
4
1
9
12
17
14
9
7
20
17
5
3
7
5
17
3
18
16
15
12
7
10
7
7
5
4
8
4
8
7
3
3
2
5
1
17
2
13
15
14
13
13
11
4
12
9
13
3
11
13
12
10
10
1
31
15
