31
25
30
13
9
10
12
10
13
8
8
7
7
7
10
9
6
6
7
8
11
6
7
5
10
8
7
6
5
5
24
5
5
8
6
5
4
4
3
3
15
8
6
6
5
5
4
4
2
6
6
3
3
3
9
12
7
6
5
16
6
5
4
4
3
3
11
8
6
6
7
6
5
7
5
5
5
5
4
4
4
4
4
4
6
4
7
4
3
3
4
2
2
1
9
6
5
4
4
3
19
3
11
6
2
6
5
4
3
2
6
2
3
1
5
1
2
9
8
7
5
6
4
6
4
2
2
3
2
5
6
11
13
8
8
5
7
9
9
8
8
11
11
9
8
7
7
6
11
8
8
6
6
7
4
4
3
7
7
7
6
6
5
5
5
4
3
4
2
5
3
7
2
13
12
13
11
8
10
11
8
8
6
6
4
12
7
12
13
6
9
5
7
3
3
8
3
9
7
4
4
1
1
19
14
5
2
2
2
1
11
7
7
7
5
4
2
9
6
3
7
3
4
21
6
2
4
2
1
8
8
6
3
1
2
1
3
13
7
1
1
2
4
1
7
9
8
5
7
3
2
1
10
13
7
11
4
3
3
4
4
1
4
1
12
11
10
4
4
16
8
3
1
23
14
10
8
5
6
8
5
5
5
3
1
12
8
11
3
3
2
3
2
13
1
10
1
4
12
7
9
5
2
1
1
7
6
