38
45
61
16
16
22
28
14
15
20
17
16
13
18
14
17
28
25
15
12
14
23
15
12
14
12
11
18
20
16
14
21
11
9
8
10
9
10
11
7
10
19
8
8
16
10
11
9
8
7
7
6
7
8
8
7
7
10
6
9
9
8
12
10
9
10
8
8
16
17
11
9
8
8
8
8
8
7
12
9
7
7
7
6
6
6
5
5
5
13
4
4
3
3
2
11
8
10
10
18
18
11
9
7
11
11
16
9
7
9
9
8
8
7
10
8
7
10
9
6
7
7
8
12
8
7
7
8
7
8
7
6
6
6
5
6
5
7
5
5
5
5
4
4
3
10
7
7
5
4
3
5
4
2
9
8
7
11
6
5
5
5
7
10
4
3
6
9
12
13
11
11
14
18
20
17
15
15
14
13
12
10
10
9
9
10
8
10
8
8
11
18
11
7
7
21
11
12
9
11
9
8
6
6
6
18
14
14
14
13
7
7
8
7
10
6
6
6
8
8
7
6
6
6
6
5
5
5
5
11
11
8
10
6
6
17
6
7
6
5
5
3
20
20
20
15
10
15
10
9
8
20
18
15
14
26
13
10
19
8
8
4
3
4
3
2
6
2
2
1
3
8
27
16
15
8
9
7
7
6
6
5
4
3
2
11
15
15
17
9
7
6
6
12
5
4
17
10
9
17
9
9
8
5
4
7
20
15
9
7
11
7
4
6
4
3
1
4
1
3
1
11
7
19
13
8
6
5
5
16
14
9
24
25
6
3
3
1
13
12
7
14
12
12
11
9
7
5
6
5
5
12
3
18
4
3
17
12
8
3
11
20
18
12
23
18
10
9
1
1
15
9
8
3
2
7
13
15
12
10
9
1
6
10
1
19
7
14
13
4
6
3
3
2
21
2
12
1
1
3
20
1
6
7
1
14
16
14
2
3
10
4
4
18
13
5
8
3
6
8
1
1
21
