23
30
32
13
10
10
10
12
7
6
7
12
11
18
7
8
7
12
13
8
6
5
6
5
6
7
7
4
8
6
7
6
6
4
3
10
3
3
14
5
4
15
5
6
6
7
8
6
15
15
15
9
7
5
3
6
10
7
4
3
4
4
3
2
1
6
6
6
4
6
4
6
3
3
6
3
3
4
3
3
2
4
2
9
4
2
2
2
8
1
9
7
5
3
2
11
6
5
7
7
5
4
8
4
7
6
6
5
15
11
7
7
6
5
4
4
3
3
4
3
3
3
2
2
2
3
3
1
10
8
6
6
10
7
6
6
5
12
9
6
5
8
5
5
5
4
5
4
4
4
3
3
2
3
9
6
4
4
2
10
9
6
8
6
5
5
7
6
7
5
4
4
7
10
5
5
4
4
3
3
3
3
14
7
3
2
4
2
6
5
5
10
4
3
11
3
3
2
7
9
5
4
4
12
3
5
10
16
10
10
9
9
9
8
8
7
6
4
3
5
5
3
2
2
18
11
5
2
12
7
2
8
3
4
8
8
17
2
6
6
2
6
9
7
10
6
6
6
6
5
4
11
5
8
4
7
8
6
4
15
8
7
12
5
5
4
4
4
3
9
9
16
3
8
11
2
3
2
1
9
2
16
5
9
2
11
8
5
7
2
1
8
6
15
5
3
8
5
2
2
4
5
4
2
10
