21
29
35
8
8
12
15
7
8
9
8
9
5
6
4
5
4
4
3
3
3
3
3
3
3
7
4
2
5
4
10
7
6
6
8
6
7
9
9
6
5
5
4
6
4
4
3
7
2
4
9
8
5
4
4
4
5
4
4
4
3
3
3
4
3
4
3
2
4
3
6
2
2
2
1
5
5
4
3
3
3
4
3
2
4
5
6
5
5
4
3
5
3
3
2
3
8
3
1
9
9
7
4
7
6
9
4
4
9
7
3
4
3
7
6
5
4
6
4
3
9
3
4
3
4
3
15
3
3
3
5
10
7
5
2
3
2
1
4
2
10
5
2
3
1
12
13
11
8
7
7
5
7
7
6
9
4
4
3
3
3
3
12
2
3
5
9
8
8
5
5
3
5
6
4
3
12
3
3
2
1
3
2
5
5
7
7
4
18
12
10
7
3
3
16
2
1
9
1
6
4
3
3
4
3
9
14
1
5
20
16
8
8
6
6
6
4
3
2
3
2
2
8
1
1
1
3
1
14
12
6
21
11
5
5
14
4
6
3
4
19
14
7
6
5
8
18
5
4
2
5
12
4
6
6
5
4
14
6
5
3
4
6
10
2
17
8
10
10
7
6
15
2
6
1
8
3
28
21
12
10
8
7
7
6
3
3
11
1
20
8
12
6
4
3
3
15
13
3
3
4
2
8
7
1
2
2
6
12
1
3
8
6
2
10
1
9
6
1
4
3
11
9
