43
48
62
16
17
20
22
18
13
14
12
20
22
18
11
12
17
18
12
10
10
9
9
12
10
10
9
8
8
8
10
9
11
16
17
8
8
7
7
8
14
9
11
8
8
8
6
10
8
7
6
6
8
7
6
18
11
5
5
5
4
3
3
5
4
10
9
7
6
15
14
7
7
6
7
7
6
13
5
9
8
7
9
12
10
10
9
15
20
16
12
10
11
11
15
10
10
13
12
7
6
5
11
10
9
10
14
8
8
7
8
7
5
5
4
4
3
19
16
12
9
6
10
10
6
12
15
19
10
20
9
26
20
8
17
14
15
11
12
10
9
9
6
6
4
6
13
8
6
5
14
11
9
18
6
5
8
5
15
5
6
7
11
6
4
5
4
4
13
8
7
5
3
21
9
6
4
6
2
2
1
21
7
7
8
8
7
9
9
4
6
6
4
3
3
4
7
13
13
13
10
8
7
7
4
5
3
2
13
9
9
8
7
6
5
4
4
4
2
2
15
8
7
7
6
3
4
11
5
20
19
8
7
4
5
15
6
4
3
10
3
8
11
1
21
5
6
18
8
6
6
5
5
14
9
7
17
21
14
11
10
6
15
19
10
7
6
6
5
2
1
5
17
6
7
8
6
4
8
3
16
8
3
2
4
3
2
1
1
22
10
7
5
4
4
17
18
17
17
15
8
8
23
17
7
7
7
8
6
7
9
9
8
23
6
6
6
13
4
26
18
15
17
14
10
10
8
8
8
4
6
4
4
4
13
4
2
20
19
12
10
7
4
3
2
8
15
7
6
1
12
8
9
7
4
4
18
12
12
10
12
17
12
12
9
9
9
10
9
10
5
5
11
3
5
9
5
4
33
10
10
12
8
11
4
12
8
5
13
4
3
3
7
5
3
3
1
2
14
3
20
19
17
7
6
5
6
4
2
10
2
5
5
1
6
4
1
20
15
1
19
13
12
8
6
6
4
13
2
3
3
1
11
9
11
8
6
20
10
2
1
1
3
8
