76
102
140
24
30
43
65
26
26
39
59
67
24
23
26
36
34
22
37
39
23
33
25
28
34
50
24
22
25
18
23
28
37
45
78
46
22
25
18
27
29
34
40
47
63
15
12
14
15
14
12
11
18
15
19
18
26
34
43
62
75
145
349
43
39
28
16
15
33
21
27
18
12
10
9
8
8
9
7
25
12
11
28
38
39
18
12
7
5
17
7
57
23
13
20
25
12
9
9
7
8
7
44
57
52
72
144
207
486
1398
75
69
63
50
48
31
47
52
48
30
30
27
25
53
30
28
31
47
48
59
29
27
25
26
19
19
14
32
26
20
14
32
19
11
8
7
6
4
7
5
2
18
16
3
152
31
36
58
112
133
70
45
27
25
24
18
40
39
22
16
27
18
5
17
8
2
38
24
22
21
21
18
18
15
6
14
5
3
1
1
22
10
3
17
16
11
1
16
2
13
1
1
1
13
