24
22
41
10
13
10
9
11
7
6
6
5
7
8
7
6
6
5
4
4
6
7
5
4
4
4
11
7
5
5
4
19
6
8
7
6
5
6
5
8
4
8
4
4
4
4
7
5
5
6
6
5
5
4
3
7
8
7
4
4
4
4
4
4
3
4
6
7
5
5
5
4
4
4
4
3
3
2
3
8
7
6
5
11
5
5
7
5
5
5
8
5
4
4
13
7
3
3
2
6
4
16
9
7
7
7
12
6
3
3
3
8
3
2
2
1
3
1
7
7
6
7
6
6
5
2
7
5
5
1
6
4
14
9
8
8
4
9
5
4
5
3
13
4
7
4
7
5
3
1
5
10
5
3
5
4
3
12
15
13
11
16
10
6
6
6
5
5
5
6
7
7
5
5
6
8
8
6
5
5
7
8
7
10
7
7
5
5
5
5
8
6
6
6
11
9
9
13
8
7
7
5
8
8
7
7
7
5
5
7
17
4
6
4
3
3
4
4
2
9
4
2
2
2
5
2
15
2
1
2
2
18
4
9
4
7
6
3
13
12
10
7
7
6
22
10
3
10
1
3
6
4
2
4
9
1
11
9
11
7
6
3
3
10
4
2
9
9
6
2
9
1
9
11
5
2
11
8
4
3
2
6
3
6
2
2
15
14
13
8
1
1
2
2
5
3
1
18
1
2
1
2
5
12
1
1
3
2
4
7
