24
27
38
9
9
7
10
13
19
12
10
7
11
12
7
6
8
6
6
4
4
4
3
9
7
7
5
10
5
5
4
11
3
3
7
11
11
17
14
6
5
8
5
7
5
4
3
4
4
4
4
5
4
4
4
3
5
10
4
10
8
9
8
6
10
9
8
10
7
7
6
7
7
7
6
6
6
8
5
6
5
5
5
5
4
12
14
12
5
11
5
4
6
5
5
6
6
3
4
7
16
16
7
6
5
7
7
6
11
8
6
5
5
12
7
5
6
4
4
3
3
3
3
2
2
10
7
3
2
5
2
2
5
1
3
1
13
7
6
10
3
10
6
4
1
1
10
9
9
4
13
1
14
16
14
10
7
15
10
9
9
8
8
8
7
6
6
6
5
18
5
5
4
5
4
5
4
11
5
4
7
5
1
4
1
5
4
15
7
5
5
5
10
5
4
10
3
2
18
6
2
4
7
4
11
19
6
10
5
13
5
9
3
3
4
8
2
5
7
10
7
6
6
10
13
4
4
2
4
6
1
2
4
1
1
7
1
12
4
3
1
4
6
6
8
8
7
5
2
2
3
9
11
9
3
12
7
2
12
5
9
7
4
5
4
5
6
5
5
3
3
12
12
3
3
15
1
1
11
24
6
1
15
1
8
16
