42
48
68
15
18
14
19
21
27
24
14
15
14
16
18
26
20
17
12
10
12
23
26
9
11
15
12
9
9
9
9
9
15
20
10
12
11
10
15
11
21
26
12
14
10
10
13
10
9
10
9
9
9
13
8
15
9
8
11
10
8
13
10
14
10
11
12
18
10
16
10
10
9
9
8
11
8
8
11
7
6
10
12
8
7
13
8
7
7
10
11
12
8
7
7
7
6
5
5
4
4
4
4
3
19
13
16
13
9
12
7
7
6
17
8
7
11
4
4
3
14
2
10
2
8
8
2
4
16
14
17
14
7
13
9
9
8
22
21
10
10
14
18
18
10
10
12
11
10
8
8
7
10
12
7
7
9
8
5
20
15
5
14
17
7
7
6
16
10
17
16
15
12
10
11
9
9
13
7
6
19
17
9
6
6
5
6
5
4
4
4
4
3
16
3
3
3
3
2
1
24
16
12
10
4
4
4
2
12
9
6
4
1
12
21
4
2
5
17
16
13
12
12
10
21
18
16
12
10
10
9
8
8
7
7
6
6
6
6
5
5
5
5
5
4
3
10
6
6
5
5
12
5
4
4
2
5
3
5
10
10
8
7
4
27
12
11
10
14
5
4
3
19
13
12
5
3
20
5
4
17
4
12
11
14
17
6
5
4
4
4
3
18
15
14
13
17
17
16
18
19
15
14
9
12
9
14
12
23
7
6
3
2
2
4
2
2
21
7
12
4
21
13
10
4
4
3
13
9
8
7
3
10
25
23
16
15
12
10
10
8
5
11
3
3
3
10
3
2
21
1
7
3
1
2
1
12
7
5
14
8
12
7
6
5
3
4
2
9
1
20
7
5
4
7
6
4
11
14
11
10
6
10
6
6
9
5
4
5
6
6
3
8
2
15
3
4
2
6
3
1
17
2
1
1
2
5
1
17
5
9
8
1
1
5
2
10
1
18
