20
29
11
17
13
12
13
9
8
8
8
7
8
9
9
9
13
7
7
7
15
6
9
7
6
9
6
4
10
9
6
8
6
5
5
5
4
9
6
4
6
4
7
4
4
4
3
7
4
4
4
3
7
5
4
6
4
4
6
6
3
3
3
3
3
3
2
4
12
7
6
6
6
5
7
4
4
4
11
5
5
5
5
4
2
2
2
2
1
5
2
2
6
5
5
6
5
4
5
3
4
5
3
3
5
4
3
3
3
2
11
7
5
9
6
5
4
4
4
4
6
8
9
8
8
7
6
5
5
7
4
4
3
4
8
9
5
10
5
15
8
5
5
4
5
4
4
4
12
3
3
3
3
2
6
1
1
6
6
9
4
4
3
4
9
14
9
8
7
10
7
8
7
8
10
22
26
25
22
8
8
8
23
20
18
15
15
12
7
7
7
21
11
11
7
14
11
6
8
7
6
6
6
6
6
5
5
11
7
4
10
10
4
4
2
7
4
7
6
6
6
6
5
4
8
11
9
6
6
5
6
5
4
5
2
4
2
2
3
3
2
1
11
2
13
1
26
15
18
16
15
9
8
1
7
8
3
19
18
16
10
5
11
4
7
2
18
4
2
17
1
4
2
1
21
11
