41
54
55
15
15
15
19
25
27
14
10
12
21
12
15
11
11
10
13
13
14
22
12
11
11
10
10
13
15
17
12
8
8
7
7
17
12
20
7
8
7
6
7
6
6
6
6
6
5
9
6
6
5
5
6
14
6
5
6
5
5
4
6
7
5
4
4
8
6
4
4
4
4
3
10
8
22
6
5
9
10
7
7
8
4
9
8
8
5
5
5
4
7
4
3
21
11
7
9
6
6
7
10
15
7
5
5
4
8
9
17
9
18
9
11
14
11
11
9
8
7
10
11
10
7
7
6
9
6
11
6
5
12
8
10
9
6
3
9
7
6
3
3
3
2
1
8
4
1
6
15
9
8
7
3
2
13
8
15
10
7
7
7
9
10
6
9
1
14
11
9
14
12
8
7
6
14
10
5
12
4
5
16
11
14
10
5
5
23
12
6
8
4
3
3
3
4
14
12
12
10
9
9
8
7
9
7
6
6
8
4
4
4
3
7
15
19
14
13
10
15
11
8
8
8
6
6
6
5
5
4
5
4
4
3
3
3
2
7
12
1
8
6
13
10
5
4
2
13
5
1
9
9
7
13
7
7
5
18
13
13
7
19
8
6
14
14
10
6
6
6
6
5
5
11
10
16
9
13
7
4
13
12
8
20
15
14
17
11
7
7
12
9
9
9
6
5
15
4
3
3
2
4
19
15
14
13
12
11
9
7
6
5
4
4
18
11
7
16
7
6
6
4
4
4
3
4
2
4
2
2
2
2
2
15
12
10
17
8
18
6
5
4
4
10
8
2
5
6
12
11
10
8
10
2
10
2
18
8
7
3
18
15
3
2
2
2
13
8
6
3
9
9
7
2
2
3
2
11
3
5
1
5
2
1
1
1
10
4
12
8
7
3
2
3
1
14
1
2
7
14
10
10
9
9
9
13
8
8
7
6
4
3
3
3
3
3
2
1
9
8
3
3
3
2
6
12
1
8
2
2
11
9
8
2
2
1
18
19
15
12
11
10
10
8
5
3
3
13
2
1
4
18
6
1
4
10
2
10
5
3
8
2
9
1
1
15
2
2
12
1
2
1
7
4
4
5
2
9
1
3
14
6
5
3
12
6
1
2
13
1
12
1
12
8
7
1
2
2
3
18
1
1
3
4
1
1
1
1
1
1
11
