83
111
127
35
38
41
26
33
44
66
15
18
27
17
15
17
18
27
37
52
15
14
16
19
56
14
14
18
27
64
43
18
20
24
22
23
22
22
19
19
18
32
55
83
227
31
36
29
32
36
52
67
108
292
917
355
64
60
56
38
86
82
47
41
52
28
36
36
31
32
30
28
70
38
27
33
38
46
59
51
32
31
31
32
32
34
39
38
47
46
50
29
26
24
22
22
29
18
14
8
32
16
5
78
62
47
105
119
89
91
130
187
310
61
34
54
47
36
53
50
45
58
61
52
34
27
23
14
24
40
34
48
25
35
71
69
13
4
48
23
22
21
3
62
61
67
50
46
27
26
24
13
11
5
26
24
15
16
21
10
6
4
3
3
2
21
19
1
15
9
