58
55
76
16
16
17
26
13
16
19
15
12
13
20
16
22
10
11
13
15
26
28
10
16
20
10
25
9
9
11
11
11
13
9
9
13
13
14
8
21
13
10
10
8
8
14
11
8
7
12
22
15
7
8
7
6
5
9
5
10
13
9
15
15
25
22
37
16
13
12
11
13
9
10
9
12
9
12
14
13
14
7
7
7
8
6
6
5
5
7
4
4
9
9
10
8
5
5
4
4
3
31
57
24
30
27
14
16
13
5
16
27
15
14
14
14
13
13
10
17
20
9
9
7
6
5
8
14
7
5
4
3
8
12
8
6
20
22
19
10
8
13
5
5
16
9
8
13
10
16
22
1
19
19
15
15
22
22
31
24
36
31
30
29
27
24
21
24
18
23
19
18
16
15
15
12
17
12
9
12
9
8
8
7
6
5
11
8
6
5
24
18
5
4
26
21
8
6
6
4
17
4
8
16
10
28
24
24
11
5
5
5
11
4
3
2
21
15
13
10
5
10
3
7
25
8
19
9
11
12
23
8
6
4
15
4
10
19
3
2
2
2
2
18
13
7
5
20
28
25
22
22
18
10
4
5
12
5
4
4
3
3
3
3
2
15
13
7
18
13
4
20
3
5
12
11
11
10
6
5
5
3
3
2
18
13
2
11
3
2
11
2
2
1
14
9
4
3
14
3
17
13
5
16
12
10
9
7
3
6
3
2
2
2
1
9
6
4
2
18
1
3
11
3
3
17
2
12
6
11
3
2
1
21
7
1
4
10
1
1
17
1
3
16
