26
32
10
20
15
12
10
7
6
7
5
6
7
6
5
6
5
5
5
5
6
7
6
6
7
7
6
7
4
7
7
9
5
4
5
4
4
6
5
6
5
8
5
6
5
5
5
5
4
4
5
5
5
4
4
4
5
3
3
6
5
3
3
2
2
4
12
7
6
6
7
7
7
5
4
4
4
4
4
3
13
3
3
4
11
15
10
7
4
4
4
13
11
4
4
8
7
6
6
6
5
5
5
5
8
6
5
5
7
5
4
4
10
4
6
9
6
5
5
4
3
4
8
3
3
3
3
2
5
13
5
6
10
4
10
1
4
7
4
4
3
3
3
3
1
10
9
9
7
13
9
16
6
4
4
4
6
6
4
4
4
4
4
2
2
10
3
6
5
13
5
6
8
12
4
4
5
9
4
3
2
6
1
16
5
5
8
5
5
4
4
10
10
4
4
4
10
3
14
4
4
4
16
5
7
4
3
10
4
3
2
13
2
1
2
14
9
9
16
8
7
6
6
5
4
3
2
6
1
6
4
8
6
4
2
3
2
1
11
9
11
7
7
5
7
3
1
1
6
14
9
7
6
11
16
14
9
6
5
7
7
5
5
17
4
4
6
11
16
5
3
4
9
8
6
18
2
22
2
3
13
4
3
2
10
2
6
11
2
6
1
2
10
2
7
6
3
16
2
15
12
3
3
13
2
15
1
1
