22
26
18
12
13
11
11
11
10
9
9
5
6
9
4
5
4
7
7
7
6
6
6
6
8
5
5
4
6
14
7
5
4
4
4
4
4
3
5
3
3
6
3
5
3
3
8
3
2
4
3
8
3
2
1
2
11
9
12
7
6
7
6
4
3
2
1
4
3
4
6
7
4
6
3
1
9
8
8
9
6
5
4
5
11
4
5
13
7
11
7
4
3
3
3
2
3
7
5
4
3
2
3
8
4
5
3
4
3
2
2
2
1
3
2
9
2
9
3
3
14
13
6
6
7
2
2
2
7
5
18
8
4
4
4
4
11
3
5
2
8
6
7
9
2
9
5
19
13
4
12
5
4
4
2
16
8
4
6
4
4
3
2
1
3
11
15
19
15
9
9
7
5
4
17
14
12
4
4
4
6
6
4
3
11
3
3
3
3
3
1
12
10
9
7
5
7
5
4
4
2
4
17
14
7
4
3
24
19
5
5
6
10
8
3
11
9
7
20
14
11
5
10
4
12
3
7
3
3
2
11
2
3
9
8
8
11
7
14
3
6
3
2
12
2
8
1
3
4
7
23
3
2
5
16
3
6
1
8
6
12
6
19
1
2
26
16
2
4
2
3
2
3
2
5
4
1
1
1
4
1
2
1
5
2
2
3
3
1
10
6
3
2
3
3
2
15
3
19
1
7
2
12
1
2
1
11
5
4
2
7
