12
26
27
11
14
11
9
8
11
9
11
7
5
7
13
6
4
4
3
4
3
2
11
10
6
13
14
12
6
6
6
5
5
6
5
5
10
5
4
4
5
4
4
7
8
6
5
4
4
3
3
2
9
5
6
5
6
5
5
8
7
5
7
4
4
3
3
3
8
5
7
6
5
4
5
11
4
4
3
3
3
2
3
2
5
11
9
7
5
3
3
3
3
4
4
3
5
2
6
5
5
5
9
8
8
8
10
8
8
7
5
5
7
5
4
4
4
7
8
7
6
6
7
5
7
4
3
3
12
8
3
14
10
7
6
4
10
4
3
3
4
4
2
5
4
4
3
5
3
3
2
3
1
6
12
6
10
8
6
5
4
3
5
17
3
6
7
7
4
3
9
6
2
2
4
2
4
1
3
8
9
12
7
7
6
4
4
6
4
3
10
4
3
3
2
9
5
5
1
1
1
4
7
6
3
2
12
9
6
6
3
4
3
2
5
1
11
8
5
4
3
2
1
3
3
2
2
13
5
4
4
4
17
3
3
3
2
18
6
3
4
2
17
4
4
3
4
4
1
5
2
2
2
3
8
1
22
5
9
4
15
11
9
6
10
8
8
7
4
11
6
4
7
6
5
9
4
3
3
2
6
5
5
1
4
6
5
13
6
4
4
3
1
13
7
20
2
1
11
9
6
11
7
11
1
5
9
1
11
2
1
1
3
1
8
10
3
3
2
3
1
5
4
8
2
2
1
3
6
9
3
12
1
5
9
