83
84
115
27
26
34
49
61
26
34
37
47
78
26
30
46
22
33
39
37
21
33
24
29
49
66
22
20
18
25
28
36
43
60
95
17
21
20
21
29
34
18
27
39
54
66
79
16
19
23
14
15
14
20
35
42
39
54
78
135
346
22
35
30
68
37
26
18
17
14
11
11
20
18
40
10
9
9
4
2
31
20
22
30
29
37
83
18
33
24
23
21
28
16
12
40
48
62
100
150
302
1062
518
492
321
44
26
24
23
26
25
19
25
25
22
18
15
103
95
102
88
48
27
26
36
39
25
22
19
20
19
48
19
17
16
20
21
10
1
2
1
76
25
24
16
1
13
13
9
30
23
20
16
37
34
32
24
22
20
24
21
33
23
17
3
28
