47
50
64
19
14
13
14
14
12
12
14
23
27
13
21
16
25
12
12
12
15
10
11
10
13
10
10
9
16
22
15
13
11
8
8
8
7
7
7
7
7
6
6
7
12
8
8
7
7
7
7
8
6
6
5
5
5
4
7
7
4
6
4
10
7
7
12
14
17
33
39
18
7
5
4
19
17
25
19
16
12
10
13
15
17
37
40
102
56
57
85
65
78
73
49
46
30
28
27
53
55
28
20
20
19
18
18
18
16
31
15
12
25
11
10
9
8
7
37
26
12
12
9
7
10
7
21
6
24
6
5
8
34
32
28
33
27
12
5
5
31
7
4
7
6
5
4
25
24
12
14
12
11
13
7
4
20
9
4
5
27
4
4
3
3
3
22
14
3
3
3
3
2
1
16
14
8
6
5
4
7
13
11
4
47
18
4
4
44
22
20
20
40
18
9
11
24
5
3
3
3
2
23
3
2
17
13
2
14
2
2
22
25
24
22
9
10
6
6
5
5
3
13
3
2
1
2
24
21
24
23
21
20
4
19
3
3
4
14
26
22
16
4
4
20
16
4
10
8
5
22
13
5
2
4
14
2
1
16
9
1
3
13
1
1
4
16
1
12
25
5
1
1
10
17
5
9
