86
108
131
23
34
24
42
22
29
49
59
32
21
32
31
35
21
21
25
22
21
20
28
21
22
19
26
28
31
23
18
20
35
31
55
15
16
22
16
19
17
13
13
17
19
22
11
10
9
8
9
10
15
16
25
33
104
16
32
9
14
12
9
19
23
12
12
12
16
23
22
18
20
25
37
59
97
197
692
263
158
52
31
52
27
13
90
82
83
29
29
24
23
23
50
43
40
34
33
30
54
45
71
41
31
38
28
29
55
30
110
156
88
69
53
52
48
48
52
34
26
26
25
24
11
13
14
26
25
22
14
26
25
3
20
26
3
1
35
19
24
24
15
8
198
88
74
52
34
57
27
24
21
21
16
22
8
6
26
23
21
31
25
25
23
23
22
21
1
1
3
1
1
24
1
3
45
28
22
17
14
1
23
4
39
24
78
69
69
60
73
53
41
31
26
26
26
20
17
4
1
13
3
3
1
12
1
2
67
55
50
50
35
82
26
42
33
24
23
23
22
20
20
20
19
19
18
17
16
16
11
5
20
7
21
