23
26
29
13
7
6
6
9
10
9
7
7
5
5
8
18
3
7
6
11
7
6
11
7
7
6
6
6
14
6
5
5
5
5
4
4
10
5
6
4
3
6
4
4
4
4
4
4
3
3
5
5
3
3
3
7
7
5
5
7
4
4
4
4
5
3
3
3
2
2
3
3
3
2
2
2
1
4
4
6
8
3
3
4
2
7
6
8
8
8
6
8
12
5
4
14
13
8
7
4
11
5
4
4
3
2
2
1
15
10
10
9
8
8
10
6
6
5
4
3
3
3
6
6
5
5
5
4
5
6
5
5
3
3
4
14
4
5
3
6
7
5
4
3
3
3
4
10
2
12
8
6
4
13
9
8
3
6
5
5
3
2
15
9
5
5
5
4
8
3
5
3
12
3
14
7
1
20
1
10
1
5
10
8
8
5
4
9
3
9
2
5
4
7
16
12
9
4
10
3
7
3
7
13
8
2
11
10
10
8
8
11
6
9
6
3
13
4
18
3
3
11
3
2
1
13
2
2
3
1
12
7
2
2
1
9
5
27
8
8
8
8
3
3
1
4
1
10
10
8
3
5
5
7
5
2
21
11
6
16
4
9
3
8
1
2
2
3
3
2
1
1
6
9
9
6
8
5
15
12
3
9
24
7
3
1
1
3
6
4
4
2
5
19
8
1
3
18
3
2
1
3
5
11
2
5
4
6
1
3
1
2
14
